12647729	-0.0475	0	0
12649736	0	-0.00043	0
12651742	0	-0.00087	0
12653746	0	-0.0013	0
18784342	0	-1.23977	0
19164386	0	-1.306	0
19466759	0	-1.35786	0
19663695	0	-1.3911	0
19763166	0	-1.41002	0
19863760	0	-1.42926	0
19963193	0	-1.44417	0
20063794	0	-1.46211	0
20164516	0	-1.48048	0
20268524	0	-1.50256	0
20666246	0	-1.50864	0
20765661	0	-1.48073	0
20868551	0	-1.45026	0
20967271	0	-1.48129	0
21064904	0	-1.54695	0
21167801	0	-1.59874	0
21266473	0	-1.57472	0
21364076	0	-1.52896	0
21464798	0	-1.49272	0
21567880	0	-1.42195	0
21664853	0	-1.23255	0
21764154	0	-1.04902	0
21865402	0	-0.87643	0
21965005	0	-0.65121	0
22063723	0	-0.33461	0
22163283	0	-0.08437	0
22264000	0	-0.00567	0
22363364	0	-0.03745	0
22464507	0	-0.02659	0
22565308	0	0.00854	0
22664039	0	0.01604	0
22765119	0	0.01057	0
22863879	0	-0.011	0
22964768	0	-0.03458	0
23067642	0	-0.05691	0
23164293	0	-0.05348	0
23263372	0	-0.03186	0
23368038	0	-0.02536	0
23464755	0	-0.02252	0
23571744	0	-0.01722	0
23662775	0	-0.00511	0
23765432	0	0.0034	0
23864901	0	0.02675	0
23963676	0	0.04856	0
24063197	-0.05465	-0.01294	-0.11717
24163863	0.01872	-0.07723	0.02098
24262701	-0.01241	0.05733	0.03578
24365690	-0.05406	-0.02047	-0.10964
24469305	0.00582	-0.05799	0.01375
24564230	-0.04402	0.02621	-0.0459
24665013	-0.06275	-0.06427	-0.12929
24763741	-0.01218	-0.05845	0.00466
24864497	-0.07254	-0.00344	-0.0945
24963822	-0.05996	-0.10832	-0.1167
25064660	-0.0194	-0.04726	0.02569
25163422	-0.07938	-0.01934	-0.08935
25269002	-0.03196	-0.10968	-0.02345
25363743	-0.04317	-0.00877	0.01689
25465138	-0.07251	-0.05729	-0.08431
25562892	-0.02331	-0.07514	0.02321
25663697	-0.05727	-0.01324	-0.01996
25863209	-0.03285	-0.00278	0.043
25964030	-0.04073	-0.04665	-0.01525
26064812	-0.01729	-0.02836	0.05151
26163630	-0.05493	-0.01828	-0.0301
26266438	-0.01505	-0.06404	0.03258
26363344	-0.04881	0.00816	-0.00258
26464488	-0.05033	-0.07187	-0.05299
26564751	-0.033	-0.03489	0.02382
26663641	-0.06468	-0.03881	-0.05713
26764720	-0.03202	-0.06827	0.00956
26864583	-0.06459	-0.02735	-0.03825
26963537	-0.03681	-0.08395	-0.00584
27064340	-0.0622	-0.01339	-0.01879
27165182	-0.05853	-0.08497	-0.05336
27264812	-0.03366	-0.04445	0.03571
27363617	-0.0669	-0.04036	-0.04231
27468753	-0.02757	-0.07057	0.03197
27563528	-0.06251	-0.01494	-0.01482
27663075	-0.0442	-0.08567	-0.02219
27763813	-0.0467	-0.02799	0.02142
27863702	-0.06392	-0.05864	-0.04237
27964943	-0.02983	-0.05842	0.03926
28063873	-0.06409	-0.02562	-0.02321
28164627	-0.03024	-0.07357	0.02347
28263532	-0.05445	-0.01181	0.00301
28386330	-0.02901	-0.08035	0.01959
28477071	-0.03968	-0.00892	0.04353
28562741	-0.06311	-0.03627	-0.03626
28663493	-0.0242	-0.06268	0.03854
28763326	-0.06069	-0.01497	-0.01998
28864091	-0.03874	-0.08407	-0.00852
28965574	-0.05731	-0.01438	0.00393
29064961	-0.06789	-0.06529	-0.05648
29165352	-0.0397	-0.06009	0.02008
29264435	-0.07606	-0.04067	-0.05184
29367893	-0.04041	-0.08597	0.00865
29466655	-0.06839	-0.02767	-0.02181
29563842	-0.04699	-0.09078	-0.01726
29663086	-0.05469	-0.03045	0.01531
29763917	-0.05954	-0.06849	-0.03046
29868889	-0.04141	-0.0442	0.03505
29968165	-0.06365	-0.04942	-0.02748
30065818	-0.03463	-0.06462	0.03426
30166989	-0.06149	-0.03203	-0.01198
30265861	-0.037	-0.06756	0.02184
30365559	-0.05479	-0.02749	0.00082
30462700	-0.0365	-0.06725	0.01808
30564127	-0.05553	-0.01836	0.00598
30664978	-0.03743	-0.07231	0.0069
30764166	-0.04103	-0.0208	0.03157
30864998	-0.03427	-0.05555	0.01471
30966648	-0.04596	-0.01703	0.02113
31063572	-0.04473	-0.05491	-0.00987
31164665	-0.03842	-0.02804	0.02855
31263547	-0.0579	-0.04553	-0.03363
31366543	-0.03279	-0.04925	0.02875
31565754	-0.03304	-0.07304	0.01639
31664412	-0.06103	-0.02013	-0.01768
31763680	-0.03916	-0.08326	-0.0096
31864899	-0.05191	-0.01833	0.01212
31988048	-0.05103	-0.08133	-0.03275
32062736	-0.03611	-0.05543	0.02679
32163870	-0.07867	-0.03613	-0.05724
32281724	-0.03199	-0.08372	0.02551
32364380	-0.06062	-0.0104	0.00285
32467935	-0.06201	-0.08342	-0.0468
32563105	-0.0251	-0.05663	0.0571
32664624	-0.07451	-0.0204	-0.037
32763727	-0.0384	-0.09359	0.0066
32864659	-0.05204	-0.01164	0.02596
32963707	-0.06103	-0.06558	-0.03748
33063090	-0.02935	-0.05548	0.04694
33166533	-0.06713	-0.0286	-0.02796
33265255	-0.03096	-0.07981	0.02329
33364410	-0.05544	-0.00896	0.00869
33466834	-0.0454	-0.07648	-0.01563
33566239	-0.04119	-0.02999	0.03269
33671053	-0.06233	-0.05623	-0.03752
33764373	-0.03291	-0.05859	0.03158
33865503	-0.06686	-0.03118	-0.03063
33962852	-0.03662	-0.08094	0.01021
34071801	-0.06093	-0.02142	-0.01132
34164635	-0.04466	-0.08073	-0.01226
34271786	-0.05527	-0.0249	0.009
34366847	-0.05391	-0.0658	-0.02209
34466562	-0.03917	-0.04038	0.03395
34565397	-0.05846	-0.04605	-0.02065
34665650	-0.03458	-0.05384	0.03195
34762860	-0.06	-0.034	-0.02038
34874118	-0.03319	-0.06341	0.02567
34968965	-0.06158	-0.02375	-0.01503
35067802	-0.03938	-0.07805	0.00321
35163622	-0.05503	-0.02007	0.01182
35270847	-0.05333	-0.0721	-0.02711
35367769	-0.0435	-0.04133	0.02354
35465511	-0.06574	-0.0529	-0.03896
35564731	-0.02835	-0.06475	0.0424
35664538	-0.06278	-0.01764	-0.0141
35775419	-0.02479	-0.08244	0.03034
35880471	-0.05032	0.00459	0.02262
35964144	-0.06383	-0.05033	-0.04344
36078083	-0.03596	-0.04371	0.032
36164766	-0.0706	-0.03031	-0.04092
36289839	-0.02791	-0.07062	0.03366
36365104	-0.05665	-0.00992	0.00829
36486499	-0.03846	-0.08571	-0.00656
36563316	-0.03171	-0.04122	0.04483
36663106	-0.06953	-0.03187	-0.03973
36766051	-0.0328	-0.07675	0.02006
36864900	-0.06787	-0.0173	-0.0229
36973657	-0.04656	-0.10057	-0.02726
37064890	-0.04538	-0.03729	0.0291
37164668	-0.07676	-0.05371	-0.05934
37264166	-0.03687	-0.08168	0.02248
37374961	-0.0773	-0.02714	-0.03738
37465720	-0.04797	-0.10134	-0.01431
37567609	-0.05091	-0.02873	0.03008
37664728	-0.06676	-0.05986	-0.03559
37773652	-0.02432	-0.05309	0.06301
37881288	-0.06685	-0.02829	-0.02314
37966450	-0.02961	-0.08385	0.0264
38065205	-0.05365	-0.00007	0.02751
38163070	-0.0657	-0.06048	-0.04607
38266486	-0.03354	-0.05423	0.0378
38372225	-0.07498	-0.03814	-0.049
38463599	-0.04258	-0.08687	0.00122
38567028	-0.06976	-0.02956	-0.02273
38668000	-0.0471	-0.09401	-0.01414
38765740	-0.05089	-0.03415	0.02365
38866623	-0.06385	-0.06383	-0.03275
38965440	-0.04151	-0.05632	0.02788
39064350	-0.06145	-0.049	-0.01944
39165667	-0.03523	-0.06101	0.03639
39268526	-0.06668	-0.03123	-0.01915
39377725	-0.03153	-0.0748	0.03243
39464659	-0.05373	-0.01393	0.01832
39566527	-0.04298	-0.07014	-0.00178
39667372	-0.04531	-0.02788	0.02749
39774667	-0.0449	-0.06393	-0.00361
39866409	-0.0455	-0.03388	0.02113
39965286	-0.04668	-0.05786	-0.00678
40068975	-0.04874	-0.02915	0.01534
40166330	-0.05325	-0.05901	-0.01963
40265303	-0.03673	-0.0431	0.03126
40374327	-0.06135	-0.04803	-0.0313
40469366	-0.03055	-0.05981	0.03327
40565387	-0.06271	-0.02317	-0.01954
40676165	-0.0346	-0.07246	0.01748
40772932	-0.05712	-0.01547	-0.00165
40884995	-0.03955	-0.07919	-0.00126
40977690	-0.04589	-0.02443	0.02315
43171476	-0.0529	-0.0304	-0.02137
43264380	-0.0286	-0.05908	0.01792
43373727	-0.05548	-0.02468	-0.02051
43479060	-0.0309	-0.06225	0.01413
43580573	-0.06046	-0.01971	-0.02619
43677441	-0.03608	-0.08284	-0.01168
43779243	-0.04854	-0.01595	0.0135
44064760	-0.06078	-0.03232	-0.03244
44169577	-0.03202	-0.06343	0.0166
44262872	-0.0576	-0.02651	-0.01839
44365841	-0.03362	-0.06663	0.01251
44462960	-0.05396	-0.01874	-0.00568
44564520	-0.03655	-0.07506	-0.00402
44677859	-0.0516	-0.01644	0.00164
44763353	-0.04639	-0.06022	-0.02036
44864275	-0.03588	-0.0337	0.02811
44964022	-0.04727	-0.0455	-0.01169
45064793	-0.04007	-0.03386	0.01924
45163601	-0.05036	-0.05036	-0.02173
45264361	-0.0432	-0.03841	0.0101
45363572	-0.05129	-0.05424	-0.02345
45463115	-0.03939	-0.04077	0.01754
45565926	-0.0527	-0.05124	-0.02536
45664712	-0.03182	-0.04484	0.03092
45763558	-0.05338	-0.03643	-0.01827
45864354	-0.03035	-0.05345	0.02585
45963996	-0.05559	-0.0302	-0.01755
46064822	-0.03077	-0.05698	0.02177
46163678	-0.05647	-0.02501	-0.01724
46263510	-0.03082	-0.07097	0.01551
46370386	-0.05009	-0.01208	0.00068
46465236	-0.03625	-0.06663	-0.00722
46568342	-0.04756	-0.01939	0.01093
46667478	-0.0473	-0.05858	-0.02207
46763311	-0.03273	-0.03578	0.0321
46864193	-0.05853	-0.03842	-0.03418
46966226	-0.03146	-0.05535	0.02302
47067445	-0.06003	-0.03312	-0.03061
47164581	-0.03888	-0.0659	0.0022
47263649	-0.05912	-0.03268	-0.02407
47367342	-0.03868	-0.07002	0.00324
47468174	-0.0588	-0.02677	-0.01668
47571788	-0.04204	-0.08014	-0.00871
47664609	-0.05528	-0.02776	0.00296
47763740	-0.05074	-0.06983	-0.02477
47865442	-0.0388	-0.03737	0.03191
47967104	-0.06443	-0.04659	-0.03758
48064521	-0.03035	-0.06426	0.03291
48163387	-0.0607	-0.01961	-0.01484
48266258	-0.03266	-0.08076	0.01509
48363735	-0.05041	-0.00733	0.02228
48463447	-0.05052	-0.06335	-0.02587
48568430	-0.04217	-0.03388	0.02193
48665757	-0.06378	-0.05138	-0.03988
48764458	-0.03492	-0.05864	0.02528
48865407	-0.06604	-0.03595	-0.03473
48964240	-0.03872	-0.07405	0.00815
49066475	-0.06449	-0.02668	-0.01959
49163922	-0.04449	-0.08714	-0.01411
49263477	-0.04803	-0.02607	0.02375
49364301	-0.06091	-0.05921	-0.03528
49465024	-0.03257	-0.05383	0.03796
49564283	-0.06984	-0.0315	-0.03449
49665047	-0.03135	-0.0835	0.02489
49763963	-0.05591	-0.00809	0.00862
49865529	-0.04779	-0.07621	-0.01936
49965095	-0.03618	-0.0327	0.04089
50064689	-0.06848	-0.04132	-0.04225
50163411	-0.03369	-0.0723	0.02524
50263267	-0.06631	-0.02162	-0.02122
50362704	-0.04313	-0.09234	-0.0158
50463441	-0.048	-0.02302	0.02887
50570217	-0.07811	-0.06364	-0.06775
50670917	-0.02919	-0.07644	0.03892
50763927	-0.0692	-0.0157	-0.01719
50864919	-0.05055	-0.09674	-0.02705
50967642	-0.04919	-0.03202	0.02877
51064474	-0.07055	-0.0584	-0.04484
51165862	-0.0342	-0.06721	0.03932
51271520	-0.07023	-0.03195	-0.02771
51368333	-0.03329	-0.0851	0.02426
51465368	-0.05601	-0.00942	0.01956
51565264	-0.05332	-0.07094	-0.0211
51664607	-0.03305	-0.03948	0.04963
51763811	-0.06994	-0.03623	-0.03602
51867282	-0.03098	-0.07465	0.03334
51971139	-0.06464	-0.01648	-0.01391
52063050	-0.04711	-0.08504	-0.02057
52163879	-0.04828	-0.02709	0.02477
52299102	-0.05668	-0.08806	-0.03636
52366239	-0.03804	-0.06857	0.02658
52463279	-0.07933	-0.03152	-0.04406
52564151	-0.0484	-0.10133	-0.01135
52764144	-0.06946	-0.08333	-0.05063
52867797	-0.03172	-0.06031	0.05375
52967050	-0.07504	-0.02848	-0.03005
53070004	-0.03176	-0.09099	0.03106
53163361	-0.04796	-0.00802	0.04432
53264457	-0.05945	-0.06443	-0.02682
53371182	-0.02432	-0.04365	0.06896
53468543	-0.06777	-0.01824	-0.02271
53572080	-0.03167	-0.08039	0.02365
53665000	-0.05457	-0.01023	0.01841
53767062	-0.05851	-0.06862	-0.03451
53865944	-0.03776	-0.04879	0.03093
53970900	-0.06578	-0.0468	-0.03465
54063685	-0.03503	-0.07326	0.02388
54167052	-0.06237	-0.02877	-0.0161
54263122	-0.04514	-0.07979	-0.00525
54385990	-0.07115	-0.03406	-0.02997
54495974	-0.04851	-0.08489	-0.00367
54563642	-0.05925	-0.04262	0.00095
54769152	-0.05879	-0.03765	0.00713
54875946	-0.04364	-0.07527	0.00619
54968892	-0.0489	-0.03215	0.02559
55063768	-0.04926	-0.06154	-0.00386
55162833	-0.02725	-0.03998	0.05994
55262877	-0.05005	-0.03168	0.00187
55367708	-0.02027	-0.04443	0.0611
55465540	-0.0509	-0.01034	0.00417
55570390	-0.01758	-0.06328	0.04343
55665218	-0.04253	0.00974	0.035
55764017	-0.04861	-0.05198	-0.02953
55863285	-0.03025	-0.03519	0.03361
55966655	-0.06161	-0.03626	-0.04096
56076046	-0.03305	-0.0549	0.01888
56165651	-0.06643	-0.02586	-0.04049
56264512	-0.04176	-0.09029	-0.01949
56373435	-0.0574	-0.02862	-0.01507
56466302	-0.0506	-0.07304	-0.0277
56565920	-0.04977	-0.03625	0.00867
56666766	-0.05814	-0.06353	-0.03394
56765909	-0.03554	-0.04913	0.03004
56864870	-0.06346	-0.04123	-0.03072
56966159	-0.02993	-0.06604	0.03186
57066040	-0.05964	-0.02168	-0.01141
57165275	-0.03577	-0.07395	0.01305
57262903	-0.05602	-0.01546	0.00573
57379063	-0.03861	-0.0787	-0.00346
57479950	-0.0534	-0.02102	0.00796
57667037	-0.03609	-0.04303	0.03215
57864206	-0.03071	-0.06103	0.03167
57972989	-0.06555	-0.02696	-0.03135
58064450	-0.03876	-0.08066	0.00345
58163582	-0.05695	-0.01924	-0.00048
58262968	-0.05331	-0.07208	-0.02882
58362923	-0.04395	-0.03964	0.02356
58463828	-0.06274	-0.05306	-0.0362
58568852	-0.04336	-0.0523	0.01708
58663634	-0.06674	-0.04759	-0.0344
58762890	-0.03585	-0.06833	0.02656
58864437	-0.06572	-0.02958	-0.02121
58964301	-0.03918	-0.08453	0.00723
59067933	-0.05993	-0.0189	-0.00064
59165163	-0.04793	-0.07712	-0.01584
59264024	-0.04478	-0.03316	0.02967
59362885	-0.06769	-0.05368	-0.04147
59463721	-0.03161	-0.06412	0.03702
59564588	-0.06729	-0.0283	-0.02587
59663538	-0.03534	-0.08565	0.01346
59764657	-0.06062	-0.01168	0.00387
59864119	-0.05802	-0.07765	-0.03634
59963740	-0.03371	-0.04642	0.04364
60063106	-0.0772	-0.03575	-0.04869
60164704	-0.03168	-0.0921	0.02342
60268092	-0.0612	-0.0063	0.0039
60363592	-0.06051	-0.0772	-0.03994
60465420	-0.03486	-0.04634	0.04345
60564611	-0.07312	-0.03938	-0.0428
60663599	-0.03618	-0.08399	0.02095
60763132	-0.06576	-0.01541	-0.01046
60864573	-0.05246	-0.09211	-0.02476
60967545	-0.0471	-0.03343	0.02998
61069243	-0.06883	-0.06034	-0.04405
61162808	-0.03799	-0.06934	0.02977
61265660	-0.06963	-0.03263	-0.02402
61364701	-0.03399	-0.08692	0.02213
61466097	-0.05653	-0.00725	0.02449
61569648	-0.05194	-0.07004	-0.01651
61662962	-0.02679	-0.04416	0.05694
61763767	-0.07111	-0.02699	-0.03466
61863503	-0.02875	-0.08936	0.02623
61970541	-0.06037	0.00211	0.00586
62063329	-0.06994	-0.07204	-0.06029
62164100	-0.02771	-0.0606	0.04798
62266934	-0.07767	-0.02572	-0.04638
62381949	-0.03745	-0.09428	0.01044
62464657	-0.0658	-0.01696	0.00201
62563720	-0.081	-0.07616	-0.07362
62663571	-0.03824	-0.07716	0.03239
62775472	-0.08279	-0.03778	-0.04765
62864200	-0.04891	-0.10066	-0.00606
62963340	-0.06618	-0.02821	0.00428
63066613	-0.05995	-0.08343	-0.02496
63165871	-0.038	-0.04962	0.04954
63263349	-0.06456	-0.04414	-0.01548
63364083	-0.02796	-0.06448	0.05372
63465302	-0.05528	-0.01553	0.01278
63570578	-0.03271	-0.06404	0.03171
63665642	-0.05073	-0.01244	0.02357
63764575	-0.04313	-0.06493	-0.00383
63871797	-0.0381	-0.02495	0.03906
63969412	-0.05431	-0.04667	-0.01818
64064558	-0.03041	-0.05014	0.03599
64163808	-0.06237	-0.02774	-0.02467
64266999	-0.03037	-0.06949	0.0234
64374820	-0.05917	-0.01721	-0.01126
64467684	-0.04154	-0.07742	-0.01267
64567320	-0.05503	-0.02814	0.00291
64665101	-0.05146	-0.06584	-0.02359
64762951	-0.05094	-0.03834	0.00692
64882317	-0.04793	-0.07879	-0.02225
64965160	-0.03705	-0.04789	0.03129
65068460	-0.06491	-0.04654	-0.03496
65170026	-0.03058	-0.06605	0.03282
65268122	-0.05849	-0.01886	-0.0077
65373433	-0.02902	-0.0763	0.0253
65484325	-0.05021	0.00081	0.01918
65565426	-0.05714	-0.05281	-0.03273
65664647	-0.03082	-0.04925	0.03595
65863978	-0.03088	-0.05917	0.0248
65964959	-0.05991	-0.02422	-0.01938
66074171	-0.03562	-0.07071	0.01159
66163457	-0.05396	-0.01909	0.00092
66268235	-0.04343	-0.07057	-0.01391
66375042	-0.04918	-0.02467	0.01147
66466916	-0.05201	-0.05967	-0.024
66563654	-0.02994	-0.04338	0.03787
66662859	-0.06316	-0.03249	-0.03202
66768405	-0.02836	-0.06686	0.02654
66868230	-0.05643	-0.01744	-0.00861
66967026	-0.03457	-0.07356	0.00764
67063771	-0.04482	-0.01602	0.02275
67171508	-0.04937	-0.0615	-0.02403
67264576	-0.03483	-0.04098	0.02788
67365427	-0.06201	-0.04183	-0.03687
67463187	-0.02931	-0.06614	0.02592
67574313	-0.06174	-0.0204	-0.02448
67665240	-0.03906	-0.07833	-0.00188
67764170	-0.05417	-0.01905	0.00479
67863198	-0.05026	-0.06914	-0.02648
67978442	-0.04274	-0.02766	0.02314
68063931	-0.06023	-0.0445	-0.03234
68163426	-0.02185	-0.06343	0.04196
68262988	-0.05338	-0.01	-0.00266
68367022	-0.02953	-0.07013	0.01778
68470231	-0.04828	-0.00375	0.01921
68564903	-0.04728	-0.05842	-0.02288
68668567	-0.02634	-0.03282	0.04425
68767409	-0.06143	-0.02972	-0.03669
68864930	-0.02507	-0.06784	0.02643
68967974	-0.05513	-0.00803	-0.01147
69071065	-0.03569	-0.08117	-0.01276
69163006	-0.03951	-0.02578	0.02442
69264481	-0.06163	-0.05061	-0.04653
69367348	-0.0323	-0.05437	0.02267
69466522	-0.06905	-0.03256	-0.04533
69665954	-0.05299	-0.0039	0.01073
69764820	-0.05428	-0.06906	-0.03868
69865647	-0.0222	-0.04178	0.05561
69965063	-0.07269	-0.01854	-0.04743
70064029	-0.02527	-0.09428	0.01674
70164919	-0.04349	0.00477	0.037
70263931	-0.06243	-0.05496	-0.05209
70363406	-0.02475	-0.05977	0.03973
70464170	-0.06325	-0.01742	-0.02729
70562914	-0.03391	-0.08357	0.00334
70663989	-0.05101	-0.0108	0.01119
70765858	-0.05125	-0.06787	-0.031
70864924	-0.03788	-0.03804	0.02718
70963866	-0.05916	-0.04531	-0.03442
71063353	-0.03411	-0.05606	0.02384
71764647	-0.02316	-0.0622	0.04685
72064539	-0.05225	-0.00973	0.01421
72165569	-0.0613	-0.0663	-0.04711
72263368	-0.03511	-0.05194	0.02799
72368270	-0.05896	-0.04453	-0.02568
72464408	-0.03511	-0.05647	0.02356
72567395	-0.06302	-0.03681	-0.02878
72663347	-0.03855	-0.07069	0.01101
72766187	-0.06329	-0.0281	-0.02043
72863274	-0.04437	-0.08293	-0.01279
72968213	-0.06324	-0.02494	-0.01209
73063465	-0.06067	-0.07748	-0.04225
73163026	-0.04299	-0.04954	0.02699
73264577	-0.06991	-0.05071	-0.04009
73363430	-0.04091	-0.06917	0.01975
73466315	-0.06966	-0.03774	-0.02919
73567327	-0.03813	-0.08057	0.01844
73664470	-0.06106	-0.01871	0.00025
73775348	-0.04005	-0.08431	0.00552
73868364	-0.04631	-0.02484	0.03245
73965785	-0.06087	-0.05666	-0.0277
74063103	-0.02828	-0.0562	0.04671
74163189	-0.06377	-0.02581	-0.01775
74268209	-0.03151	-0.07359	0.0257
74363381	-0.05706	-0.01342	0.00481
74474276	-0.04096	-0.08322	-0.00751
74567141	-0.04153	-0.03002	0.0344
74662860	-0.06358	-0.04476	-0.0337
74765059	-0.02993	-0.06199	0.0353
74863844	-0.06555	-0.02279	-0.02191
74966606	-0.03865	-0.08262	0.00491
75067429	-0.06223	-0.01959	-0.00892
75166305	-0.06063	-0.07982	-0.04222
75267688	-0.04745	-0.04378	0.02112
75363218	-0.06889	-0.05188	-0.03858
75463943	-0.0385	-0.06611	0.02439
75572783	-0.06678	-0.03849	-0.02462
75663879	-0.03867	-0.07796	0.01519
75763570	-0.06034	-0.02187	-0.00079
75868789	-0.04208	-0.0812	0.00135
75967974	-0.04409	-0.02505	0.03531
76064260	-0.05409	-0.05422	-0.01541
76163845	-0.03127	-0.04475	0.04309
76263437	-0.06022	-0.03482	-0.01923
76368957	-0.02921	-0.05846	0.0372
76465978	-0.05889	-0.02153	-0.01237
76564724	-0.03912	-0.06997	0.00735
76664542	-0.05715	-0.02242	-0.00407
76763385	-0.04248	-0.07807	-0.01401
76892603	-0.05411	-0.01102	0.00707
76967322	-0.06331	-0.05017	-0.04049
77068112	-0.03348	-0.05698	0.02853
77163632	-0.07227	-0.02793	-0.03893
77268922	-0.03673	-0.09118	0.00699
77364677	-0.05809	-0.014	0.00695
77467558	-0.05599	-0.0754	-0.0324
77569285	-0.03445	-0.04168	0.04148
77664776	-0.07034	-0.03622	-0.03777
77766240	-0.03468	-0.07776	0.02338
77869111	-0.06641	-0.01886	-0.01751
77964250	-0.04885	-0.08979	-0.02324
78070481	-0.05603	-0.02683	0.01286
78163328	-0.06765	-0.06092	-0.04388
78264229	-0.04236	-0.06021	0.02253
78365392	-0.07396	-0.04502	-0.04266
78464822	-0.03208	-0.08458	0.02919
78563482	-0.05972	-0.01236	0.0065
78664302	-0.0493	-0.08195	-0.01738
78763277	-0.02238	-0.03824	0.07365
78864460	-0.06938	-0.02209	-0.03077
78967452	-0.02772	-0.08223	0.03202
79064224	-0.05317	0.0006	0.02367
79163017	-0.06052	-0.06631	-0.04285
79264456	-0.02635	-0.05073	0.05104
79363610	-0.07203	-0.02259	-0.03967
79468386	-0.0326	-0.09371	0.01265
79563765	-0.05803	-0.00482	0.01449
79674562	-0.06993	-0.07888	-0.06473
79763812	-0.03191	-0.07092	0.03751
79862886	-0.07888	-0.02311	-0.043
79963670	-0.04998	-0.10393	-0.02039
80063152	-0.0648	-0.02943	-0.00041
80163913	-0.07211	-0.07902	-0.05397
80263362	-0.03891	-0.06328	0.03712
80364270	-0.08622	-0.03835	-0.0551
80481960	-0.03519	-0.09925	0.02956
80563236	-0.05301	-0.01734	0.0398
80662672	-0.0882	-0.06482	-0.07409
80763621	-0.01626	-0.09591	0.06845
80863192	-0.05451	0.02081	0.04635
80963144	-0.07287	-0.06396	-0.05194
81064006	-0.02317	-0.06701	0.06377
81164927	-0.06493	-0.0118	-0.0065
81263813	-0.03465	-0.08596	0.01416
81363318	-0.04835	-0.01118	0.03508
81464214	-0.05936	-0.05798	-0.02867
81563585	-0.03232	-0.04987	0.04097
81670614	-0.07365	-0.03744	-0.04411
81791628	-0.03129	-0.06751	0.03472
81862916	-0.06203	-0.01408	-0.00044
81967879	-0.05965	-0.08411	-0.04158
82063780	-0.03208	-0.05167	0.04541
82164636	-0.06921	-0.03769	-0.03451
82264532	-0.02922	-0.07881	0.03356
82365568	-0.05689	-0.01149	0.00387
82471686	-0.03972	-0.08276	-0.00291
82563500	-0.033	-0.03187	0.04941
82662903	-0.0648	-0.03749	-0.03138
82765972	-0.02818	-0.06589	0.03598
82863574	-0.06123	-0.01574	-0.01105
82966624	-0.03903	-0.08553	-0.00469
83063515	-0.04623	-0.01989	0.02698
83163498	-0.06416	-0.05609	-0.04195
83266241	-0.03054	-0.05718	0.0379
83363030	-0.06827	-0.02688	-0.03189
83466456	-0.03812	-0.08762	0.00413
83566209	-0.06092	-0.01797	-0.00369
83663317	-0.06124	-0.07789	-0.04323
83764098	-0.03984	-0.04763	0.03284
83863075	-0.07695	-0.04308	-0.05168
83964255	-0.03562	-0.08586	0.02193
84063526	-0.06033	-0.01753	-0.00102
84164595	-0.04296	-0.08561	-0.00692
84265852	-0.04407	-0.02771	0.03468
84365106	-0.06024	-0.05635	-0.0298
84488645	-0.03509	-0.03574	0.04547
84565362	-0.05951	-0.0299	-0.01441
84666314	-0.03239	-0.06495	0.02973
84763481	-0.05486	-0.02257	-0.00321
84876596	-0.03446	-0.06362	0.021
84964284	-0.05625	-0.02115	-0.0027
85063175	-0.04096	-0.07326	-0.00276
85164049	-0.05626	-0.0239	0.00206
85265090	-0.05093	-0.06985	-0.02082
85368126	-0.05291	-0.02918	0.00943
85463737	-0.05771	-0.0607	-0.02788
85565025	-0.04869	-0.04498	0.00986
85664552	-0.05356	-0.06164	-0.01971
85763543	-0.044	-0.04416	0.02019
85864729	-0.05196	-0.05735	-0.01326
85969210	-0.04092	-0.03976	0.02513
86064099	-0.04978	-0.05163	-0.00685
86167779	-0.039	-0.03647	0.03118
86265925	-0.05223	-0.04771	-0.01367
86366841	-0.03191	-0.04477	0.0364
86463925	-0.05994	-0.02948	-0.02366
86564815	-0.0264	-0.06837	0.03263
86663675	-0.05101	-0.00642	0.00652
86763675	-0.03779	-0.0727	-0.00936
86863882	-0.03439	-0.02561	0.03847
86965774	-0.05332	-0.0435	-0.02612
87067364	-0.02671	-0.04659	0.03695
87162871	-0.05993	-0.02523	-0.02658
87265625	-0.02655	-0.0712	0.02138
87363383	-0.05485	-0.00681	-0.00268
87468196	-0.04435	-0.08019	-0.02961
87583029	-0.03973	-0.01349	0.03371
87663783	-0.06519	-0.03379	-0.04507
87764585	-0.03107	-0.0709	0.01808
87863649	-0.05488	-0.02311	-0.01244
87963050	-0.03786	-0.0698	0.00377
88064601	-0.05574	-0.02257	-0.01154
88163672	-0.0409	-0.07511	-0.01063
88265090	-0.05822	-0.02544	-0.0098
88364156	-0.04781	-0.07568	-0.02462
88463847	-0.05053	-0.03514	0.0087
88565510	-0.0553	-0.06272	-0.02713
88663259	-0.0324	-0.04622	0.03745
88764976	-0.06587	-0.03703	-0.03574
88863865	-0.03115	-0.07243	0.0257
88967423	-0.0625	-0.01371	-0.01304
89064412	-0.04169	-0.08661	-0.01685
89169293	-0.0341	-0.02373	0.04713
89264109	-0.06377	-0.04005	-0.03512
89369572	-0.02711	-0.0604	0.03881
89466620	-0.05763	-0.0195	-0.01072
89567602	-0.03903	-0.06773	0.00647
89663402	-0.05636	-0.02237	-0.00396
89764322	-0.04298	-0.07389	-0.01431
89863493	-0.04216	-0.03243	0.02528
89964687	-0.05628	-0.05156	-0.02788
90064473	-0.03315	-0.04874	0.02944
90163388	-0.06122	-0.03681	-0.02903
90266985	-0.03	-0.06508	0.029
90363173	-0.05505	-0.01875	-0.00602
90482089	-0.03226	-0.06699	0.02059
90564980	-0.05133	-0.01645	0.00768
90663941	-0.04391	-0.06397	-0.01235
90765260	-0.04396	-0.026	0.02051
90864810	-0.05508	-0.05499	-0.02926
90964000	-0.0434	-0.04404	0.01332
91063407	-0.05697	-0.05276	-0.02813
91166780	-0.04217	-0.0445	0.01745
91263541	-0.05686	-0.04905	-0.02603
91363076	-0.03911	-0.05185	0.01894
91463152	-0.06111	-0.04298	-0.0294
91563810	-0.03222	-0.06577	0.02679
91663611	-0.06353	-0.02197	-0.0214
91775949	-0.03165	-0.08079	0.01753
91863024	-0.05283	-0.01152	0.01817
91965796	-0.056	-0.06609	-0.03228
92091280	-0.04709	-0.02157	0.02369
92164168	-0.06148	-0.03877	-0.02971
92266944	-0.02858	-0.06401	0.0334
92364036	-0.06455	-0.01749	-0.01901
92468888	-0.03953	-0.08642	-0.005
92563032	-0.05126	-0.02168	0.01816
92664922	-0.05862	-0.06196	-0.03554
92764524	-0.03461	-0.05051	0.03331
92863952	-0.0679	-0.03658	-0.03533
92963325	-0.03234	-0.08021	0.02064
93066602	-0.06012	-0.01433	-0.00489
93163586	-0.05092	-0.07819	-0.02581
93264727	-0.03475	-0.03497	0.04353
93363840	-0.07284	-0.03771	-0.04753
93463260	-0.03125	-0.08483	0.02366
93566976	-0.06111	-0.01196	-0.00438
93665813	-0.05574	-0.08205	-0.03773
93764854	-0.038	-0.04255	0.03613
93865717	-0.07252	-0.04442	-0.04846
93966571	-0.02915	-0.08056	0.03364
94063763	-0.06139	-0.00522	0.00035
94165607	-0.05228	-0.08532	-0.03268
94264700	-0.03474	-0.0436	0.04347
94364421	-0.07013	-0.03823	-0.04018
94482060	-0.02702	-0.0663	0.04583
94564857	-0.05813	-0.00598	0.0058
94663750	-0.04842	-0.08007	-0.02333
94763521	-0.0286	-0.03546	0.05758
94863370	-0.06848	-0.02947	-0.0354
94969241	-0.02893	-0.0752	0.02934
95080217	-0.06508	-0.01516	-0.01886
95163057	-0.05448	-0.07898	-0.03542
95264248	-0.036	-0.03916	0.04016
95365153	-0.0734	-0.04045	-0.04934
95469945	-0.03505	-0.07711	0.02139
95565242	-0.06658	-0.02141	-0.0187
95663951	-0.0508	-0.08922	-0.02719
95762814	-0.05344	-0.03523	0.01384
95863631	-0.07066	-0.0659	-0.04842
95962826	-0.03247	-0.0691	0.0382
96077923	-0.07041	-0.03504	-0.03276
96162720	-0.03911	-0.08892	0.01055
96267508	-0.05436	-0.01176	0.02422
96365025	-0.06177	-0.0668	-0.03641
96465739	-0.02392	-0.05316	0.05888
96563312	-0.0663	-0.01839	-0.02013
96664081	-0.02919	-0.08463	0.02434
96763832	-0.04788	-0.00181	0.03453
96863744	-0.06025	-0.05661	-0.03524
96966721	-0.02911	-0.04755	0.04606
97063858	-0.06885	-0.02566	-0.03385
97167092	-0.03382	-0.08119	0.01404
97263839	-0.06499	-0.01429	-0.0162
97366826	-0.06751	-0.08771	-0.06051
97465537	-0.03374	-0.05668	0.03998
97568991	-0.07935	-0.03751	-0.05252
97662663	-0.03808	-0.09925	0.00696
97763710	-0.05751	-0.01059	0.01875
97967385	-0.03222	-0.0533	0.0496
98070260	-0.07358	-0.03296	-0.03874
98163652	-0.04108	-0.08953	0.00796
98263448	-0.06229	-0.01906	0.0025
98365463	-0.0619	-0.07933	-0.03755
98464302	-0.0421	-0.04971	0.03362
98563866	-0.07926	-0.04725	-0.05167
98680798	-0.02749	-0.07328	0.05229
98763596	-0.06064	-0.00455	0.01212
98865606	-0.04614	-0.08491	-0.014
98966664	-0.03162	-0.03518	0.05579
99064202	-0.0639	-0.03709	-0.02355
99163202	-0.02212	-0.068	0.05072
99365857	-0.04058	-0.0765	-0.00892
99463098	-0.04166	-0.02585	0.03342
99565977	-0.07005	-0.05128	-0.05243
99664656	-0.03767	-0.06807	0.02197
99763874	-0.07206	-0.03103	-0.03923
99865623	-0.04606	-0.09166	-0.00807
99968889	-0.06679	-0.02857	-0.01673
100064837	-0.05926	-0.08562	-0.0361
100163570	-0.04884	-0.04854	0.01891
100262736	-0.0713	-0.05906	-0.04239
100365499	-0.03215	-0.07179	0.04069
100464275	-0.07218	-0.01826	-0.01881
100565885	-0.04693	-0.09924	-0.01154
100664630	-0.04479	-0.03012	0.03949
100770378	-0.07735	-0.06072	-0.05654
100864040	-0.03272	-0.08508	0.03771
100966821	-0.07108	-0.01409	-0.01321
101062967	-0.05437	-0.09295	-0.02839
104163510	-0.20467	-0.8242	-0.58361
104299394	-0.10438	-1.27009	-0.29764
104364890	-0.07567	-1.24359	-0.21578
104465595	-0.04578	-1.26069	-0.13055
104567204	-0.0277	-1.27391	-0.07898
104663901	-0.0171	-1.28787	-0.04875
104764620	-0.01034	-1.30598	-0.0295
104865398	-0.00626	-1.32276	-0.01785
104964504	-0.00382	-1.33936	-0.01091
105064230	-0.00234	-1.35606	-0.00666
105167817	-0.0014	-1.37358	-0.00399
105266527	-0.00086	-1.39055	-0.00244
105366315	-0.00052	-1.40298	-0.00149
105471058	-0.00031	-1.41622	-0.00088
105563767	-0.0002	-1.43437	-0.00056
105663034	-0.00012	-1.44263	-0.00034
105765908	-0.00007	-1.41603	-0.0002
105869205	-0.00004	-1.28286	-0.00012
105966468	-0.00003	-1.05105	-0.00008
106079323	-0.00002	-0.70477	-0.00004
106166017	-0.00001	-0.4454	-0.00003
106265441	-0.00001	-0.223	-0.00002
106363083	0	-0.21817	-0.00001
106480928	0	-0.27428	-0.00001
106564024	0	-0.22859	0
106663413	0	-0.1332	0
106763290	0	-0.04251	0
106866090	0	-0.07307	0
106963399	0	-0.09191	0
107064368	0	-0.10603	0
107163719	0	-0.09471	0
107263647	0	-0.08646	0
107367023	0	-0.05993	0
107464294	0	-0.03554	0
107565621	0	-0.00492	0
107664546	0	-0.0032	0
107763524	0	-0.00767	0
107862987	0	-0.01787	0
107965989	0	-0.01989	0
108065178	0	-0.03229	0
108168156	0.02656	-0.01136	0.04688
108265282	-0.01	0.04748	-0.00247
108365097	0.01139	-0.03383	-0.00515
108464256	0.00636	0.03159	0.03036
108563358	-0.02672	0.00375	-0.0634
108665356	0.00268	-0.03118	-0.00508
108764123	-0.04534	0.01888	-0.07456
108872922	-0.04663	-0.07526	-0.119
108963131	-0.01838	-0.04274	-0.01842
109066516	-0.07841	-0.01724	-0.1273
109163299	-0.06078	-0.11352	-0.12997
109264212	-0.03555	-0.04463	-0.0089
109663873	-0.09385	-0.02088	-0.10678
109764966	-0.03828	-0.13293	-0.03679
109864103	-0.01349	-0.02274	0.08
109963816	-0.04866	-0.02736	-0.01805
110063466	0.01993	-0.05808	0.10835
110163289	0.01185	0.05358	0.14232
110264953	-0.05565	0.01206	-0.04672
110364800	0.00332	-0.07761	0.04006
110464019	-0.01663	0.04076	0.0666
110566887	-0.08298	-0.01618	-0.11587
110667794	-0.02535	-0.11821	-0.03153
110764639	-0.03199	-0.00067	0.02995
110869673	-0.09616	-0.03712	-0.13069
110964992	-0.03969	-0.13715	-0.05222
111065840	-0.03605	-0.01287	0.03945
111163369	-0.10901	-0.03085	-0.13312
111264248	-0.05859	-0.16268	-0.08266
111363598	-0.00846	-0.05597	0.09473
111462920	-0.07465	0.00439	-0.02879
111564224	-0.04779	-0.11083	-0.03906
111663678	-0.02584	-0.03765	0.06317
111763620	-0.07574	-0.02747	-0.04809
111864471	-0.0353	-0.09332	0.01215
111963502	-0.05775	-0.00795	0.01668
112062913	-0.05933	-0.07281	-0.03895
112163752	-0.02805	-0.05048	0.05022
112263081	-0.06181	-0.03053	-0.02281
112366069	-0.02186	-0.07207	0.04377
112463253	-0.05347	0.00563	0.018
112564614	-0.05011	-0.07284	-0.02908
112672303	-0.01613	-0.03238	0.07337
112763468	-0.07354	-0.00182	-0.04054
112864265	-0.03867	-0.10591	-0.01887
112965912	-0.02833	-0.01888	0.06097
113063392	-0.0843	-0.02746	-0.0748
113165175	-0.02818	-0.11113	0.00865
113262930	-0.03771	-0.00176	0.05355
113363706	-0.07965	-0.04583	-0.07402
113463147	-0.02635	-0.0916	0.02736
113564961	-0.06589	0.00254	-0.00708
113667805	-0.07856	-0.08782	-0.08509
113763699	-0.02783	-0.07724	0.04427
113864925	-0.08007	-0.01598	-0.04046
113963996	-0.0512	-0.11251	-0.03453
114062894	-0.04897	-0.03785	0.02973
114167722	-0.07806	-0.06361	-0.0596
114264953	-0.03343	-0.08328	0.03676
114364245	-0.066	-0.01115	-0.00045
114491108	-0.03248	-0.10037	0.02071
114564024	-0.01569	-0.04128	0.09041
114669312	-0.07474	-0.01356	-0.0335
114762905	-0.03276	-0.10372	0.00662
114864082	-0.032	-0.00981	0.06704
114964958	-0.08085	-0.03831	-0.06477
115063789	-0.02323	-0.09664	0.03496
115163230	-0.05741	0.0099	0.02113
115264257	-0.08005	-0.06941	-0.07925
115364029	-0.02002	-0.08218	0.05604
115463234	-0.07137	0.00842	-0.01311
115566678	-0.07596	-0.0981	-0.08171
115665409	-0.02258	-0.06957	0.06253
115763403	-0.07891	-0.00627	-0.03121
115863436	-0.05517	-0.11168	-0.04482
115966530	-0.03813	-0.04116	0.05046
116065833	-0.08262	-0.04288	-0.05736
116163112	-0.03211	-0.09919	0.02518
116264094	-0.05529	-0.00185	0.03403
116365672	-0.06328	-0.06875	-0.03545
116462907	-0.02119	-0.05999	0.06726
116567228	-0.06951	-0.00739	-0.01788
116670611	-0.03575	-0.09425	0.00887
116763873	-0.03476	-0.01954	0.05583
116865358	-0.0735	-0.04414	-0.05161
116968347	-0.01771	-0.07847	0.05552
117088272	-0.06508	0.00414	-0.01178
117165406	-0.0613	-0.07284	-0.04848
117262928	-0.0217	-0.05261	0.05963
117363727	-0.06915	-0.01349	-0.03091
117463159	-0.03641	-0.09307	-0.00125
117563948	-0.04875	-0.01041	0.02481
117663473	-0.07809	-0.05721	-0.0701
117764464	-0.02805	-0.07813	0.03609
117865903	-0.07416	-0.00754	-0.02769
117967085	-0.04636	-0.10761	-0.03146
118064400	-0.02158	-0.0391	0.07219
118167205	-0.08872	-0.01906	-0.07056
118264407	-0.03669	-0.12498	-0.00867
118363769	-0.01015	-0.0204	0.10536
118464987	-0.07763	-0.00984	-0.04681
118567801	-0.03134	-0.1031	0.00989
118663182	-0.04168	-0.00689	0.04718
118764932	-0.09066	-0.04944	-0.08894
118863735	-0.03028	-0.10291	0.02075
118987550	-0.07956	-0.00784	-0.03628
119062936	-0.07942	-0.08434	-0.07932
119164061	-0.01593	-0.07534	0.07029
119263557	-0.07606	0.00772	-0.01881
119364416	-0.0754	-0.10476	-0.08094
119511984	-0.03644	-0.0025	0.07323
119576871	-0.08993	0.00253	-0.05005
119663000	-0.08411	-0.10827	-0.09825
119764454	-0.01566	-0.08	0.07823
119863993	-0.07727	0.01486	-0.01069
119965829	-0.07555	-0.10632	-0.07828
120063154	-0.01366	-0.07655	0.08288
120168032	-0.07723	0.01175	-0.0132
120264870	-0.06806	-0.10462	-0.0635
120363796	-0.00404	-0.06383	0.10587
120464657	-0.06987	0.02179	-0.00212
120563871	-0.06376	-0.09835	-0.06108
120664803	-0.01117	-0.05357	0.08982
120773846	-0.08342	-0.00289	-0.04698
120864923	-0.05428	-0.11458	-0.04882
120967949	-0.03029	-0.03938	0.05952
121064923	-0.09051	-0.02716	-0.06925
121166436	-0.03686	-0.12068	0.00314
121267838	-0.03513	-0.00922	0.0701
121363233	-0.08665	-0.0315	-0.06611
121466826	-0.02743	-0.10497	0.03061
121563635	-0.05007	0.00469	0.04646
121662894	-0.08191	-0.05605	-0.06887
121764638	-0.02182	-0.08317	0.05198
121863467	-0.06687	0.00492	-0.00064
121966839	-0.06476	-0.09206	-0.05583
122063768	-0.01818	-0.06032	0.07316
122164551	-0.06995	-0.00605	-0.02038
122263618	-0.04067	-0.09761	-0.00651
122363558	-0.03288	-0.0238	0.05705
122464315	-0.06914	-0.0401	-0.04288
122563749	-0.02814	-0.07383	0.03531
122664521	-0.0635	-0.01112	-0.01063
122777311	-0.04057	-0.09175	-0.00585
122864860	-0.03939	-0.03237	0.03724
122963589	-0.07235	-0.04468	-0.04773
123065321	-0.03703	-0.07089	0.02114
123165033	-0.07477	-0.02857	-0.0376
123265843	-0.04573	-0.0969	-0.00849
123364740	-0.04827	-0.02563	0.03017
123463532	-0.06341	-0.06054	-0.03343
123563840	-0.02942	-0.05819	0.04813
123665284	-0.06426	-0.02621	-0.0196
123784564	-0.02582	-0.07152	0.04359
123863341	-0.05435	-0.00232	0.02444
123966291	-0.06518	-0.0692	-0.04778
124065254	-0.03991	-0.05452	0.02796
124164102	-0.06947	-0.04202	-0.03805
124265885	-0.03715	-0.07759	0.01756
124364745	-0.06814	-0.02445	-0.01914
124463612	-0.04606	-0.09281	-0.00948
124562874	-0.04085	-0.02982	0.04221
124664655	-0.06058	-0.05005	-0.02564
124764483	-0.02752	-0.05968	0.0452
124863496	-0.05959	-0.02122	-0.01094
124965183	-0.03305	-0.0779	0.01983
125070085	-0.04984	-0.00457	0.0251
125170945	-0.05645	-0.06423	-0.03393
125262936	-0.02641	-0.05437	0.04415
125369842	-0.06624	-0.02777	-0.03176
125465933	-0.03086	-0.07943	0.01984
125569260	-0.05639	-0.00657	0.00466
125663954	-0.05408	-0.07044	-0.0358
125773638	-0.03067	-0.03713	0.04513
125863201	-0.06368	-0.02834	-0.02822
125966613	-0.02554	-0.07044	0.03412
126067405	-0.05229	-0.00437	0.00675
126164203	-0.03838	-0.07324	-0.01115
126265069	-0.03598	-0.02466	0.03409
126463672	-0.02582	-0.06619	0.03189
126663416	-0.03449	-0.08727	-0.01086
126778736	-0.03481	-0.00941	0.04622
